20 51 8
00000000000000000000
11000000000000000000
00000000000000000000
00000000000000000000
00000000000000000000
10010000000000000000
00110000000000000000
00001000000000000000
00000000000000000000
00001000000000000000
00000000000000000001
00000000000000011100
00000000000010011100
00000000100010000000
00000000000110001110
00000000001111110000
00000000000110101010
00000000000011110000
00000100001111111100
00000000000100111000
00000000000000000000
00000000000000000000
00000000000000000000
00000000000000000000
00000000000000000000
00000000000000000000
00000000000000000000
00000000000001000000
00000101000000000000
00111000000000000000
00010000000000000000
00100110000000000000
00100000000000000000
01010001100000000000
11100110100000000000
10111100000100000000
11011100000100000000
11111010000100000000
01111101100000000000
10010010000010000000

