20 139 6
00000000000000000000
00000000001000101000
00000000010000100010
00000000000101111100
00000000010111111111
00000000001111111111
00000000011101111111
00000010001111111111
00000000011111111111
00000000011111111111
00000000011111111111
00000000011111111111
00000000001111111111
00000000001111111111
00000000001111111111
00000000000001011110
00000000000100000001
00000000000010000010
00000000000010000100
00000000000010000000
11111111111111100000
11111111111111100000
11111111111111000000
11111111111111100000
11111111111111010000
11111111111111000000
11111111111110000000
11111111111110000000
11111111110100000000
11111111100000000000
00010100100000000000
00010000001000000000
00000000000000000000
00000000000000000000
00000000000000000000
00000000000000000000
00000000000000000000
00000000000000000000
00000000000000000000
00000000000000000000

