23 58 5
01010000000000000000000
01001000000000000000000
00000100000010000100000
00010000001010000000000
00000001010000100100000
00000000000011000100000
00000001000000100000000
00010000100110000000000
00000001000011000000000
00000000010000000000000
00000100000000000000000
00000000000000000000000
00000000100000000000000
00000000000010000000000
00000000000010000001000
00000000000000001000000
00000000010000100000000
00000100000010000000000
00000000010000000000010
00001000000111000001000
00000000001011100000000
00000001010110010110100
00000000001000100000000
00000000000000000000000
00000000000000000000001
00000000000000000000000
00000000000000000100100
00000000000000000010001
00000000000000000101010
00000000000000010000010
00000000000000001000000
00000000000000001101001
00000000000110000111110
00000000000001010000000
00000000000001000100101
00000000000010010010000
00000000000001000010010
00000000000001001001000
00000000000001011100000
00000000100000110001000
00000000001000010110000
00000000001010001100000
00000000000000010000000
00000000000100000010000
00000000000000000000000
00000000010000010000000

