17 31 14
00001000000000001
00000000000010000
00000010000000010
00100100001000000
00000011001000000
00001001000001000
00001100000000100
00001000010000000
00000001101000100
00000000010000000
00000010000000100
00000000000000000
00000010010010000
00000000000001000
00000000000000000
00000000000000000
00000000000010000
11001000000000000
10101000000000000
11000100010000000
10000110001000000
00111010100100000
11011000000000000
00000000000000000
01010010000000000
00001010000000000
00000100001000000
00000000000000000
00000000000000000
00000000000000000
00000000000000000
00000000000000000
00000000000000000
00000000000000000

