25 215 10
0000000000000010000000000
0000000000010000000000000
0000000000010100001100000
0000001010110001011000000
0000000010010000111100000
0000000010010111111001000
0000000000010101111110000
0000001001101111101000100
0000000000000111110111001
0000000000101111010001000
0000000101000101100100000
0000000110000001111010100
0000000000100110001001011
0000000000000000110100000
0000011000011010000111000
0001001101110000100100000
0010110010001011100000000
0000000111101111110100000
0001100100111111111100000
0000010101111111010000000
1010011101111111111111000
0000011011111101010110000
0000011100111111111001100
0110000110111111100001000
0000010111111111110110010
1111111111110010101000000
1111111111111111100000000
1111111111111100000000000
1111111111111111011100000
1111111111111110111001000
1111111111111111001000100
1111111111111110011001100
1111111111110111000011000
1111101111010001100100000
1111111111111001010010000
1011111101110110101000000
1001111110000110110000000
1111100110000000000100000
1000111111000100000000000
0101100000001001000000000
0000000000000000000000000
0000000000000000000000000
0000000000000000000000000
0010000000000010000000000
0000000000000000000000000
0000000000000000000000000
0000000000000000000000000
0000000000000000000000000
0000000000000000000000000
0000000000000000000000000

