24 186 9
110111111111111111000100
010001111110111110101000
010100111011111001000000
001010111111110001111100
001001001110110100110100
000001011011110111001000
000011101111011011100000
000101101110000010111000
001000000001000001100110
000011000000110000100110
000000000000000101010100
000000000011000110110010
000000010000000000111001
000000000000001111110011
000000000001010011101100
000000000001010001101100
000000000000011111011011
000000000000001001000100
000000000000000101101001
000000000000001000101011
000000000000000100001110
000000000001000001001000
000000000000001000000010
000000000000000010010001
000000100000000010110000
010010100000010000000000
000100000010010001000000
000000001001000101000001
000000000100011011011100
001000011001110100100100
000110100101001010111100
001001100111101110001100
011000001110101000010100
001100011111111001111010
010001111101011101100011
000011111111101110011101
110100111111011101111001
000000101001001111000100
010010011011111001100010
000011011001111100100000
000000010011010000011000
010001001100100010011000
000001000100100000000000
011000010011000000000000
000000000101001000000000
000001000000000000100000
000000000000000000000000
000000000001000000000000

