30 274 8
000000000000000000000000000000
000000000000000000000000000000
000000000000000000000000000000
000000000000000000000000000000
000000000000000000000000000000
000000000000000000000000000000
000000000000000000000000000000
000000000000000000000000000000
000010000000000000000000000000
100000000000000000000000000000
100100000000000000000000000000
100111111111000000000000000000
111111100110000000000000000000
111111110110110000000000000000
111111111101010000000000000000
111111111110101000000000000000
111111111111100000000000000000
111111111111111000000000000000
111111111111100000000000000000
111111111111110000000000000000
111111111111111000000000000000
111111111111110000000000000000
111111111111111101000000000000
111111111111111110000000000000
111111111111111100000000000000
111111111111111001000000000000
111111111111111110000000000000
111111111111111010000000000000
111111111111110010000000000000
111111111111111010000000000000
000000000000000000000000000000
000000000000000000000000000000
000000000000000000000000000000
000000000000000000000000000000
000000000000000000000000000000
000000000000000000000000000000
000000000000000000000000000000
000000000000000000000000000000
000000000000000000000111101010
000000000000000000101111111000
000000000000000111111111111100
000000000000000011111111111110
000000000000000111111111111111
000000000000001111111111111111
000000000000001111111111111111
000000000000011111111111111111
000000000000001111111111111111
000000000000011111111111111111
000000000000001111111111111111
000000000000011111111111111111
000000000000001111111111111111
000000000000010111111111111111
000000000000010111111111111111
000000000000010111111111111111
000000000000000111111111111111
000000000000000011111111110101
000000000000000000111111101100
000000000000000000000101100000
000000000000000000001000000000
000000000000000000000000000000

