25 64 15
0000000000000000000000000
0000000000000000000000000
0000000000000000000000000
0010000000000000000000000
0000000000000000000010000
0000000000000000010000000
0000000001000000000100000
0000000000000100000001000
0000000000000010000001000
0000000000000001000000000
0000000101011100000000100
0000110000000100110000000
0100001000001000000100000
0000000100010101000000000
0001001000001000001000100
0001001000010000100001000
0010000010000011101000000
0000010000001000000011100
0000000011000010000010000
0000000000100000000000000
0000000000000000000100010
1000000000100000000000000
0001001000000000000100000
0000000000000000000000001
0000000000000000000000100
0111000000000000000000000
1110000000000000000000000
1111100000000000000000000
1111100100000000000000000
1111111100000000000000000
1111110000000000000000000
1110010100000000000000000
1110100100000000000000000
1111111000000000000000000
1111110000000000000000000
1111000000000000000000000
1001000000000000000000000
1001000000000000000000000
0100000000000000000000000
0000000000000000000000000
0100000000000000000000000
0000000000000000000000000
0000000000000000000000000
0000000000000000000000000
0000000000000000000000000
0000000000000000000000000
0000000000000000000000000
0000000000000000000000000
0000000000000000000000000
0000000000000000000000000

